Version: 3.5.3
File format: 4
TRACE START [2026-09-25 00:23:02.081824]
2	1	0	0.000437	438072	getenv	0		/editor/prepend.php	3	1	'PHP_EDITOR_SQL_TRACE'
2	1	1	0.000461	438296
2	2	1	0.000487	438344
2	3	1	0.000512	438680
1	0	1	0.000522	438320
55	62139	1	0.279851	8279664
55	62141	1	0.280069	8280056
55	62145	1	0.280093	8279968
55	62147	1	0.280232	8280360
55	62151	1	0.280261	8280272
55	62153	1	0.280842	8280664
55	62157	1	0.280864	8280576
55	62159	1	0.281038	8280968
54	62172	1	0.282788	8412616
53	62171	1	0.282796	8412392
54	62199	1	0.283214	8412976
53	62198	1	0.283222	8412832
52	62356	1	0.284000	8413008
51	62355	1	0.284007	8412856
53	62554	1	0.284972	8480024
53	62555	1	0.284989	8480104
53	62556	1	0.285076	8487144
52	62553	1	0.285084	8487144
52	62557	1	0.285102	8486960
52	62558	1	0.285122	8487104
57	62764	0	0.285516	8491280	Illuminate\Database\Connection->run	1		/app/vendor/laravel/framework/src/Illuminate/Database/Connection.php	411	3	'select * from "sessions" where "id" = ? limit 1'	[0 => 'qZtLjFTCAc69tLWRy3bAlFrZitNLyzFVC6Xp8TCa']	class Closure { ... }
59	62766	1	0.285593	8491504
58	62765	1	0.285599	8491472
58	62767	1	0.285616	8491520
58	62768	0	0.285624	8491480	Illuminate\Database\Connection->runQueryCallback	1		/app/vendor/laravel/framework/src/Illuminate/Database/Connection.php	794	3	'select * from "sessions" where "id" = ? limit 1'	[0 => 'qZtLjFTCAc69tLWRy3bAlFrZitNLyzFVC6Xp8TCa']	class Closure { ... }
60	62770	1	0.285693	8491992
63	62774	1	0.287077	8494776
62	62773	1	0.287085	8494408
61	62772	1	0.287091	8493144
60	62771	1	0.287096	8492984
60	62816	1	0.287215	8493400
61	62818	1	0.287250	8493944
61	62819	1	0.287269	8493984
61	62821	1	0.287356	8494376
61	62825	1	0.287419	8494360
62	62827	1	0.287509	8495360
61	62826	1	0.287516	8494864
60	62817	1	0.287625	8494344
61	62846	1	0.287657	8494144
61	62847	1	0.287675	8494208
60	62845	1	0.287680	8494176
61	62849	1	0.287711	8494216
61	62850	1	0.287729	8494248
61	62851	1	0.287746	8494288
61	62852	1	0.287764	8494856
60	62848	1	0.287770	8494760
60	62853	0	0.287775	8494600	PDOStatement->execute	0		/app/vendor/laravel/framework/src/Illuminate/Database/Connection.php	425	0
60	62853	1	0.287964	8495024
60	62854	1	0.287981	8495160
59	62769	1	0.287989	8495128
58	62768	1	0.287997	8492816
59	62856	1	0.288023	8492784
59	62857	1	0.288040	8492848
58	62855	1	0.288046	8492776
59	62859	1	0.288078	8492864
59	62860	1	0.288102	8492968
59	62862	1	0.288198	8493360
62	62869	1	0.288289	8493760
61	62868	1	0.288295	8493608
59	62866	1	0.288303	8493472
65	62904	1	0.288404	8497264
65	62905	1	0.288421	8497328
60	62878	1	0.288432	8495856
59	62877	1	0.288438	8495144
58	62858	1	0.288446	8494544
57	62764	1	0.288453	8494176
50	130577	1	0.439626	10852544
50	130578	1	0.439650	10852624
50	130579	1	0.439744	10852704
49	130576	1	0.439752	10852704
49	130580	1	0.439771	10852520
49	130581	1	0.439791	10852664
54	130787	0	0.440172	10856840	Illuminate\Database\Connection->run	1		/app/vendor/laravel/framework/src/Illuminate/Database/Connection.php	411	3	'select * from "sessions" where "id" = ? limit 1'	[0 => 'qZtLjFTCAc69tLWRy3bAlFrZitNLyzFVC6Xp8TCa']	class Closure { ... }
56	130789	1	0.440237	10857064
55	130788	1	0.440243	10857032
55	130790	1	0.440258	10857080
55	130791	0	0.440263	10857040	Illuminate\Database\Connection->runQueryCallback	1		/app/vendor/laravel/framework/src/Illuminate/Database/Connection.php	794	3	'select * from "sessions" where "id" = ? limit 1'	[0 => 'qZtLjFTCAc69tLWRy3bAlFrZitNLyzFVC6Xp8TCa']	class Closure { ... }
57	130793	1	0.440329	10857552
58	130795	1	0.440357	10857696
57	130794	1	0.440363	10857696
57	130796	1	0.440404	10858112
58	130798	1	0.440436	10858656
58	130799	1	0.440494	10858768
59	130801	1	0.440574	10859768
58	130800	1	0.440580	10859272
57	130797	1	0.440587	10858752
58	130819	1	0.440617	10858696
58	130820	1	0.440636	10858760
57	130818	1	0.440642	10858728
58	130822	1	0.440671	10858768
58	130823	1	0.440688	10858800
58	130824	1	0.440704	10858840
58	130825	1	0.440723	10859408
57	130821	1	0.440729	10859312
57	130826	0	0.440735	10859152	PDOStatement->execute	0		/app/vendor/laravel/framework/src/Illuminate/Database/Connection.php	425	0
57	130826	1	0.440768	10859576
57	130827	1	0.440785	10859712
56	130792	1	0.440793	10859680
55	130791	1	0.440801	10857368
56	130829	1	0.440827	10857336
56	130830	1	0.440843	10857400
55	130828	1	0.440848	10857328
56	130832	1	0.440879	10857416
59	130836	1	0.440969	10858008
58	130835	1	0.440975	10857856
56	130833	1	0.440983	10857720
62	130870	1	0.441079	10860872
62	130871	1	0.441095	10860936
57	130845	1	0.441239	10859248
56	130844	1	0.441245	10858536
55	130831	1	0.441252	10857936
54	130787	1	0.441258	10857712
50	130889	1	0.441307	10853312
50	130890	1	0.441321	10853392
50	130891	1	0.441385	10853472
49	130888	1	0.441392	10853472
49	130892	1	0.441408	10853288
49	130893	1	0.441427	10853432
50	131278	0	0.441913	10855304	Illuminate\Database\Connection->run	1		/app/vendor/laravel/framework/src/Illuminate/Database/Connection.php	573	3	'insert into "sessions" ("payload", "last_activity", "user_id", "ip_address", "user_agent", "id") values (?, ?, ?, ?, ?, ?)'	[0 => 'YTozOntzOjY6Il90b2tlbiI', 1 => 1790295782, 2 => NULL, 3 => '127.0.0.1', 4 => 'curl/8.7.1', 5 => 'qZtLjFTCAc69tLWRy3bAlFrZitNLyzFVC6Xp8TCa']	class Closure { ... }
52	131280	1	0.441975	10855528
51	131279	1	0.441981	10855496
51	131281	1	0.441995	10855544
51	131282	0	0.442000	10855504	Illuminate\Database\Connection->runQueryCallback	1		/app/vendor/laravel/framework/src/Illuminate/Database/Connection.php	794	3	'insert into "sessions" ("payload", "last_activity", "user_id", "ip_address", "user_agent", "id") values (?, ?, ?, ?, ?, ?)'	[0 => 'YTozOntzOjY6Il90b2tlbiI', 1 => 1790295782, 2 => NULL, 3 => '127.0.0.1', 4 => 'curl/8.7.1', 5 => 'qZtLjFTCAc69tLWRy3bAlFrZitNLyzFVC6Xp8TCa']	class Closure { ... }
53	131284	1	0.442067	10856016
53	131285	1	0.442086	10856080
53	131286	1	0.442120	10856560
54	131288	1	0.442154	10856688
54	131289	1	0.442174	10856752
54	131290	1	0.442190	10856784
54	131291	1	0.442205	10856816
54	131292	1	0.442219	10856848
54	131293	1	0.442233	10856880
54	131294	1	0.442249	10856912
53	131287	1	0.442255	10856880
54	131296	1	0.442291	10857136
54	131297	1	0.442311	10857168
54	131298	1	0.442331	10857208
54	131299	1	0.442355	10857776
54	131300	1	0.442369	10857752
54	131301	1	0.442384	10857784
54	131302	1	0.442400	10857976
54	131303	1	0.442414	10857952
54	131304	1	0.442428	10857984
54	131305	1	0.442442	10858024
54	131306	1	0.442458	10858216
54	131307	1	0.442471	10858192
54	131308	1	0.442485	10858224
54	131309	1	0.442499	10858264
54	131310	1	0.442514	10858456
54	131311	1	0.442527	10858432
54	131312	1	0.442541	10858464
54	131313	1	0.442555	10858504
54	131314	1	0.442570	10858696
54	131315	1	0.442585	10858672
54	131316	1	0.442604	10858704
54	131317	1	0.442621	10858744
54	131318	1	0.442638	10858936
53	131295	1	0.442646	10858840
53	131319	1	0.442668	10858000
53	131320	0	0.442674	10858000	PDOStatement->execute	0		/app/vendor/laravel/framework/src/Illuminate/Database/Connection.php	584	0
53	131320	1	0.443191	10858064
52	131283	1	0.443299	10858064
51	131282	1	0.443306	10855776
52	131322	1	0.443331	10855744
52	131323	1	0.443346	10855808
51	131321	1	0.443352	10855736
52	131325	1	0.443388	10855824
55	131329	1	0.443480	10856416
54	131328	1	0.443485	10856264
52	131326	1	0.443492	10856128
58	131363	1	0.443599	10859280
58	131364	1	0.443618	10859344
58	131365	1	0.443632	10859376
58	131366	1	0.443646	10859408
58	131367	1	0.443659	10859440
58	131368	1	0.443672	10859472
58	131369	1	0.443688	10859504
53	131338	1	0.443699	10857656
52	131337	1	0.443704	10856944
51	131324	1	0.443711	10856344
50	131278	1	0.443717	10856120
49	131277	1	0.443723	10855232
			0.452512	10458048
TRACE END   [2026-09-25 00:23:02.534058]

